3192
3150
3116
3080
3042
3006
2972
2953
2911
2871
2845
2825
2791
2751
2723
2693
2673
2641
2617
2603
2585
2567
2535
2505
2483
2465
2427
2393
2345
2313
2287
2259
2217
2193
2157
2143
2107
2089
2087
2053
2027
2001
1981
1963
1937
1899
1865
1841
1815
1799
1775
1765
1759
1733
1723
1703
1687
1673
1655
1631
1599
1573
1563
1551
1541
1523
1493
1473
1465
1445
1429
1429
1417
1395
1387
1383
1371
1345
1329
1286
1286
1284
1274
1262
1236
1220
1208
1190
1168
1158
1136
1136
1130
1120
1098
1084
1086
1082
1066
1048
1035
1051
1051
1055
1050
1034
1000
990
978
964
966
952
946
950
928
926
904
888
880
868
860
846
844
834
843
839
821
819
801
797
787
777
765
753
753
751
755
733
709
719
717
709
687
690
684
660
640
640
612
592
596
568
570
558
562
564
