3186
3142
3100
3060
3038
3002
2942
2886
2846
2800
2736
2702
2672
2640
2600
2557
2519
2497
2471
2453
2416
2384
2349
2303
2259
2225
2197
2161
2098
2002
1980
1950
1938
1898
1860
1840
1820
1790
1756
1724
1712
1682
1660
1632
1606
1570
1524
1508
1486
1480
1462
1418
1398
1374
1350
1348
1332
1314
1302
1288
1254
1230
1202
1190
1156
1160
1158
1128
1094
1080
1054
1030
1016
994
988
966
952
950
924
910
896
894
890
902
902
894
868
864
858
846
836
828
822
800
784
780
752
734
718
708
686
658
656
640
630
612
606
604
602
586
586
590
596
602
586
574
550
542
