3200
3176
3146
3104
3084
3046
3010
2986
2972
2954
2944
2916
2888
2859
2837
2809
2795
2765
2737
2693
2663
2617
2589
2557
2551
2539
2519
2505
2477
2459
2441
2425
2397
2384
2366
2346
2314
2294
2278
2268
2248
2232
2218
2202
2186
2176
2152
2129
2105
2069
2055
2039
2031
2021
2009
1997
1973
1959
1925
1909
1903
1897
1881
1859
1839
1823
1793
1783
1763
1749
1727
1723
1703
1687
1670
1660
1632
1616
1610
1588
1564
1552
1540
1516
1504
1506
1506
1492
1466
1448
1440
1436
1422
1408
1392
1376
1362
1368
1348
1340
1336
1328
1310
1318
1294
1280
1272
1270
1258
1236
1217
1219
1219
1213
1193
1189
1187
1179
1175
1165
1157
1139
1135
1131
1113
1107
1097
1083
1069
1069
1049
1033
1029
1019
1013
1001
999
993
991
981
965
939
933
929
917
917
911
903
901
891
881
867
843
836
830
814
810
824
830
826
810
802
790
778
767
747
743
745
735
739
733
727
725
733
727
717
707
695
689
693
679
677
667
673
659
657
653
651
657
644
630
628
612
604
600
598
592
590
