3192
3166
3144
3114
3070
3030
2984
2938
2910
2885
2851
2835
2807
2785
2743
2711
2669
2641
2609
2591
2567
2553
2515
2491
2481
2459
2435
2419
2397
2379
2365
2343
2323
2287
2269
2241
2215
2199
2177
2151
2133
2103
2085
2075
2039
2021
2001
1959
1933
1923
1913
1882
1864
1842
1822
1803
1795
1773
1759
1753
1741
1723
1711
1683
1679
1653
1635
1631
1609
1587
1569
1561
1565
1545
1539
1527
1499
1477
1467
1443
1419
1397
1379
1361
1363
1327
1315
1301
1289
1287
1269
1261
1254
1232
1178
1160
1152
1134
1120
1106
1104
1086
1072
1058
1036
1024
1014
1010
994
980
964
960
950
946
928
924
910
908
896
880
868
854
848
842
828
818
810
804
792
778
770
764
766
756
742
750
736
732
720
718
708
702
692
682
662
658
650
646
650
658
656
638
634
632
630
622
622
620
604
595
581
579
581
565
551
549
549
551
547
545
547
539
547
537
523
519
525
531
531
525
515
507
507
513
497
493
493
479
473
