3200
3182
3162
3136
3096
3076
3044
3028
3010
2984
2970
2948
2928
2896
2866
2838
2814
2786
2776
2752
2718
2696
2676
2652
2640
2612
2594
2574
2554
2530
2502
2490
2462
2444
2438
2412
2382
2354
2346
2334
2310
2288
2266
2240
2224
2218
2200
2182
2164
2156
2150
2142
2119
2095
2087
2077
2065
2047
2027
2009
1995
1969
1951
1935
1919
1905
1883
1879
1838
1816
1810
1798
1786
1780
1768
1760
1754
1752
1738
1732
1720
1710
1700
1688
1690
1676
1660
1656
1652
1642
1628
1618
1606
1598
1576
1564
1552
1536
1530
1522
1516
1506
1502
1490
1484
1480
1464
1462
1452
1446
1434
1410
1386
1376
1366
1360
1350
1348
1342
1340
1334
1328
1320
1304
1294
1280
1264
1256
1236
1226
1218
1206
1194
1190
1180
1176
1172
1168
1164
1144
1134
1130
1114
1112
1108
1104
1098
1104
1094
1084
1078
1074
1068
1070
1056
1044
1030
1014
1018
1010
1004
1004
990
972
962
962
946
936
932
912
908
896
884
882
888
892
884
886
880
878
874
860
852
844
834
828
810
796
802
792
782
786
784
790
770
776
782
790
790
788
778
782
780
778
774
768
742
734
728
740
734
718
710
710
706
694
694
690
688
688
674
670
674
674
672
672
676
